benchmark(2)

A =

     1     0     1     0     1
    20     1     0     1    10
   -10    -1     0     0     0


A =

     1     0     1     0     1
     0     1   -20     1   -10
     0    -1    10     0    10


A =

     1     0     1     0     1
     0     1   -20     1   -10
     0    -1    10     0    10


A =

     1     0     1     0     1
     0     1   -20     1   -10
     0     0   -10     1     0


A =

     1     0     1     0     1
     0     1   -20     1   -10
     0     0   -10     1     0


A =

     1     0     1     0     1
    20     1     0     1    10
    10     0     0     1    10


j =

     0

Elapsed time is 0.001991 seconds.

vars =

     1     0
    20     1
    10     0

    "Una o mas variables no son basicas"


A =

     1     0     1     0     1
    20     1     0     1    10
    10     0     0     1    10

diary off
