A

A =

   1.0e+03 *

         0    0.0037    0.0007    0.0010    0.0007   -0.0010    0.0113
    0.0010    0.0013    0.0003         0    0.0003         0    0.0067
         0    0.7340    0.1330         0    0.2330   -0.1000    2.2600

diary off
