A = readTableu("tablas/tablaM.csv")

T =

  5x5 table

    Var1    Var2    Var3       Var4       Var5
    ____    ____    ____    __________    ____

     1       2       3      {'<='    }     1  
     3       4       9      {'>='    }     2  
     8       9       2      {'>='    }     1  
     9       9       9      {'='     }     3  
     1       2       4      {0x0 char}     0  


A =

     1     2     3     1     0     0     0     1     0     0     0     1
     3     4     9     0    -1     0     0     0     1     0     0     2
     8     9     2     0     0    -1     0     0     0     1     0     1
     9     9     9     0     0     0     0     0     0     0     1     3
  -899  -898  -896     0     0     0     0     0     0     0     0     0

display("A ya esta en forma estandar")
    "A ya esta en forma estandar"

[i, j, epi] = encuentra_pivote(A)

epsilons =

    1.0000
    0.6667
    0.1250
    0.3333


i =

     3


j =

     1


epi =

    0.1250

A = pivotea(A, i, j)

A =

    1.0000    2.0000    3.0000    1.0000         0         0         0    1.0000         0         0         0    1.0000
    3.0000    4.0000    9.0000         0   -1.0000         0         0         0    1.0000         0         0    2.0000
    1.0000    1.1250    0.2500         0         0   -0.1250         0         0         0    0.1250         0    0.1250
    9.0000    9.0000    9.0000         0         0         0         0         0         0         0    1.0000    3.0000
 -899.0000 -898.0000 -896.0000         0         0         0         0         0         0         0         0         0


E =

     1     0    -1     0     0
     0     1    -3     0     0
     0     0     1     0     0
     0     0    -9     1     0
     0     0   899     0     1


A =

         0    0.8750    2.7500    1.0000         0    0.1250         0    1.0000         0   -0.1250         0    0.8750
         0    0.6250    8.2500         0   -1.0000    0.3750         0         0    1.0000   -0.3750         0    1.6250
    1.0000    1.1250    0.2500         0         0   -0.1250         0         0         0    0.1250         0    0.1250
         0   -1.1250    6.7500         0         0    1.1250         0         0         0   -1.1250    1.0000    1.8750
         0  113.3750 -671.2500         0         0 -112.3750         0         0         0  112.3750         0  112.3750

[i, j, epi] = encuentra_pivote(A)

epsilons =

    0.3182
    0.1970
    0.5000
    0.2778


i =

     2


j =

     3


epi =

    0.1970

A = pivotea(A, i, j)

A =

         0    0.8750    2.7500    1.0000         0    0.1250         0    1.0000         0   -0.1250         0    0.8750
         0    0.0758    1.0000         0   -0.1212    0.0455         0         0    0.1212   -0.0455         0    0.1970
    1.0000    1.1250    0.2500         0         0   -0.1250         0         0         0    0.1250         0    0.1250
         0   -1.1250    6.7500         0         0    1.1250         0         0         0   -1.1250    1.0000    1.8750
         0  113.3750 -671.2500         0         0 -112.3750         0         0         0  112.3750         0  112.3750


E =

    1.0000   -2.7500         0         0         0
         0    1.0000         0         0         0
         0   -0.2500    1.0000         0         0
         0   -6.7500         0    1.0000         0
         0  671.2500         0         0    1.0000


A =

         0    0.6667         0    1.0000    0.3333         0         0    1.0000   -0.3333         0         0    0.3333
         0    0.0758    1.0000         0   -0.1212    0.0455         0         0    0.1212   -0.0455         0    0.1970
    1.0000    1.1061         0         0    0.0303   -0.1364         0         0   -0.0303    0.1364         0    0.0758
         0   -1.6364         0         0    0.8182    0.8182         0         0   -0.8182   -0.8182    1.0000    0.5455
         0  164.2273         0         0  -81.3636  -81.8636         0         0   81.3636   81.8636         0  244.5909

[i, j, epi] = encuentra_pivote(A)

epsilons =

    1.0000
      -Inf
    2.5000
    0.6667


i =

     3


j =

     5


epi =

    0.6667

A = pivotea(A, i, j)

A =

         0    0.6667         0    1.0000    0.3333         0         0    1.0000   -0.3333         0         0    0.3333
         0    0.0758    1.0000         0   -0.1212    0.0455         0         0    0.1212   -0.0455         0    0.1970
   33.0000   36.5000         0         0    1.0000   -4.5000         0         0   -1.0000    4.5000         0    2.5000
         0   -1.6364         0         0    0.8182    0.8182         0         0   -0.8182   -0.8182    1.0000    0.5455
         0  164.2273         0         0  -81.3636  -81.8636         0         0   81.3636   81.8636         0  244.5909


E =

    1.0000         0   -0.3333         0         0
         0    1.0000    0.1212         0         0
         0         0    1.0000         0         0
         0         0   -0.8182    1.0000         0
         0         0   81.3636         0    1.0000


A =

   1.0e+03 *

   -0.0110   -0.0115         0    0.0010         0    0.0015         0    0.0010         0   -0.0015         0   -0.0005
    0.0040    0.0045    0.0010         0         0   -0.0005         0         0         0    0.0005         0    0.0005
    0.0330    0.0365         0         0    0.0010   -0.0045         0         0   -0.0010    0.0045         0    0.0025
   -0.0270   -0.0315         0         0         0    0.0045         0         0         0   -0.0045    0.0010   -0.0015
    2.6850    3.1340         0         0         0   -0.4480         0         0         0    0.4480         0    0.4480

[i, j, epi] = encuentra_pivote(A)

epsilons =

   -0.3333
      -Inf
      -Inf
   -0.3333


i =

     1


j =

     6


epi =

   -0.3333

A = pivotea(A, i, j)

A =

   1.0e+03 *

   -0.0073   -0.0077         0    0.0007         0    0.0010         0    0.0007         0   -0.0010         0   -0.0003
    0.0040    0.0045    0.0010         0         0   -0.0005         0         0         0    0.0005         0    0.0005
    0.0330    0.0365         0         0    0.0010   -0.0045         0         0   -0.0010    0.0045         0    0.0025
   -0.0270   -0.0315         0         0         0    0.0045         0         0         0   -0.0045    0.0010   -0.0015
    2.6850    3.1340         0         0         0   -0.4480         0         0         0    0.4480         0    0.4480


E =

    1.0000         0         0         0         0
    0.5000    1.0000         0         0         0
    4.5000         0    1.0000         0         0
   -4.5000         0         0    1.0000         0
  448.0000         0         0         0    1.0000


A =

   -7.3333   -7.6667         0    0.6667         0    1.0000         0    0.6667         0   -1.0000         0   -0.3333
    0.3333    0.6667    1.0000    0.3333         0   -0.0000         0    0.3333         0    0.0000         0    0.3333
         0    2.0000         0    3.0000    1.0000   -0.0000         0    3.0000   -1.0000    0.0000         0    1.0000
    6.0000    3.0000         0   -3.0000         0    0.0000         0   -3.0000         0   -0.0000    1.0000         0
 -600.3333 -300.6667         0  298.6667         0   -0.0000         0  298.6667         0    0.0000         0  298.6667

[i, j, epi] = encuentra_pivote(A)

epsilons =

       Inf
    1.0000
       Inf
         0


i =

     2


j =

     1


epi =

     0

display("epi es cero. Solucion degenerada")
    "epi es cero. Solucion degenerada"

A = pivotea(A, i, j)

