A

A =

     6     4     1     0     0     0    24
    -1     1     0     1     0     0     1
     0     1     0     0     1     0     2
     1     2     0     0     0     1     5
    -5    -4     0     0     0     0     0

[i,j] = encuentra_pivote(A)

i =

     1


j =

     1

AA = pivotea(A, i, j)

A =

    1.0000    0.6667    0.1667         0         0         0    4.0000
   -1.0000    1.0000         0    1.0000         0         0    1.0000
         0    1.0000         0         0    1.0000         0    2.0000
    1.0000    2.0000         0         0         0    1.0000    5.0000
   -5.0000   -4.0000         0         0         0         0         0


E =

     1     0     0     0     0
     1     1     0     0     0
     0     0     1     0     0
    -1     0     0     1     0
     5     0     0     0     1


AA =

    1.0000    0.6667    0.1667         0         0         0    4.0000
         0    1.6667    0.1667    1.0000         0         0    5.0000
         0    1.0000         0         0    1.0000         0    2.0000
         0    1.3333   -0.1667         0         0    1.0000    1.0000
         0   -0.6667    0.8333         0         0         0   20.0000

[i, j] = encuentra_pivote(AA)

i =

     4


j =

     2

AAA = pivotea(AA, i, j)

A =

    1.0000    0.6667    0.1667         0         0         0    4.0000
         0    1.6667    0.1667    1.0000         0         0    5.0000
         0    1.0000         0         0    1.0000         0    2.0000
         0    1.0000   -0.1250         0         0    0.7500    0.7500
         0   -0.6667    0.8333         0         0         0   20.0000


E =

    1.0000         0         0   -0.6667         0
         0    1.0000         0   -1.6667         0
         0         0    1.0000   -1.0000         0
         0         0         0    1.0000         0
         0         0         0    0.6667    1.0000


AAA =

    1.0000         0    0.2500         0         0   -0.5000    3.5000
         0         0    0.3750    1.0000         0   -1.2500    3.7500
         0         0    0.1250         0    1.0000   -0.7500    1.2500
         0    1.0000   -0.1250         0         0    0.7500    0.7500
         0         0    0.7500         0         0    0.5000   20.5000

sprintf("Aqui ya acabo. Intentamos otro pivoteo")

ans = 

    "Aqui ya acabo. Intentamos otro pivoteo"

[i, j] = encuentra_pivote(AAA)

i =

     0


j =

     0

sprintf("i,j = 0 quiere decir no hay pivote posible")

ans = 

    "i,j = 0 quiere decir no hay pivote posible"

diary
